0 934.000000 131.000000 205.000000 1 60 56 80 1200 0 10000 0
1 -37.000000 155.000000 175.000000 0 2 80 1200 1200 0 10000 0
2 99.000000 284.000000 175.000000 1 3 1200 1200 1200 0 10000 0
3 475.000000 280.000000 15.000000 2 4 11 1200 1200 0 10000 0
4 444.000000 -264.000000 15.000000 3 5 80 1200 1200 0 10000 0
5 57.000000 -264.000000 15.000000 4 6 69 1200 1200 0 10000 0
6 5.000000 33.000000 15.000000 5 1200 1200 1200 1200 0 10000 0
7 3.000000 265.000000 15.000000 8 9 1200 1200 1200 0 10000 0
8 -417.000000 257.000000 15.000000 7 1200 1200 1200 1200 0 10000 0
9 25.000000 642.000000 15.000000 7 10 1200 1200 1200 0 10000 0
10 988.000000 643.000000 15.000000 9 11 12 81 1200 0 10000 0
11 952.000000 257.000000 15.000000 10 3 81 1200 1200 0 10000 0
12 715.000000 643.000000 15.000000 10 13 14 63 1200 0 10000 0
13 713.000000 841.000000 15.000000 12 16 1200 1200 1200 0 10000 0
14 687.000000 464.000000 15.000000 12 15 1200 1200 1200 0 10000 0
15 151.000000 454.000000 -144.000000 14 16 17 19 1200 0 10000 0
16 170.000000 848.000000 -144.000000 15 13 1200 1200 1200 0 10000 0
17 182.000000 62.000000 -208.000000 15 18 20 1200 1200 0 10000 0
18 588.000000 50.000000 -208.000000 17 19 20 1200 1200 0 10000 0
19 513.000000 309.000000 -144.000000 18 15 1200 1200 1200 0 10000 0
20 387.000000 51.000000 -208.000000 18 17 21 1200 1200 0 10000 0
21 384.000000 -316.000000 -208.000000 20 22 23 24 1200 0 10000 0
22 706.000000 -234.000000 -208.000000 21 1200 1200 1200 1200 0 10000 0
23 67.000000 -248.000000 -208.000000 21 1200 1200 1200 1200 0 10000 0
24 374.000000 -594.000000 -208.000000 21 25 1200 1200 1200 0 10000 0
25 644.000000 -573.000000 -208.000000 24 26 1200 1200 1200 0 10000 0
26 614.000000 -716.000000 -208.000000 27 37 25 1200 1200 0 10000 0
27 1178.000000 -639.000000 -220.000000 26 28 1200 1200 1200 0 10000 0
28 2391.000000 -720.000000 -208.000000 27 29 1200 1200 1200 0 10000 0
29 2365.000000 -1354.000000 -208.000000 28 30 1200 1200 1200 0 10000 0
30 1988.000000 -1339.000000 -208.000000 29 31 41 42 1200 0 10000 0
31 1720.000000 -1341.000000 -208.000000 30 32 42 1200 1200 0 10000 0
32 1720.000000 -1621.000000 -208.000000 31 33 1200 1200 1200 0 10000 0
33 1146.000000 -1586.000000 -208.000000 32 34 38 1200 1200 0 10000 0
34 1131.000000 -1189.000000 -208.000000 33 35 1200 1200 1200 0 10000 0
35 353.000000 -1204.000000 -208.000000 34 36 74 1200 1200 0 10000 0
36 377.000000 -806.000000 -208.000000 35 37 1200 1200 1200 0 10000 0
37 646.000000 -842.000000 -208.000000 36 26 1200 1200 1200 0 10000 0
38 1167.000000 -2214.000000 -208.000000 33 39 41 1200 1200 0 10000 0
39 1972.000000 -2211.000000 -198.000000 40 38 41 1200 1200 0 10000 0
40 2141.000000 -2012.000000 -208.000000 39 41 1200 1200 1200 0 10000 0
41 1965.000000 -1894.000000 -208.000000 40 30 39 38 1200 0 10000 0
42 1475.000000 -1333.000000 -208.000000 31 43 30 1200 1200 0 10000 0
43 1476.000000 -1102.000000 -208.000000 42 44 1200 1200 1200 0 10000 0
44 2007.000000 -1099.000000 -208.000000 43 45 1200 1200 1200 0 10000 0
45 2144.000000 -1196.000000 -208.000000 46 44 1200 1200 1200 0 10000 0
46 2224.000000 -876.000000 -128.000000 45 47 1200 1200 1200 0 10000 0
47 1871.000000 -847.000000 -40.000000 46 48 1200 1200 1200 0 10000 0
48 1894.000000 -1167.000000 15.000000 47 49 1200 1200 1200 0 10000 0
49 2204.000000 -1174.000000 103.000000 48 50 1200 1200 1200 0 10000 0
50 2218.000000 -866.000000 191.000000 49 51 1200 1200 1200 0 10000 0
51 1871.000000 -847.000000 279.000000 50 52 1200 1200 1200 0 10000 0
52 1873.000000 -1180.000000 367.000000 51 53 78 1200 1200 0 10000 0
53 2438.000000 -1200.000000 463.000000 52 54 1200 1200 1200 0 10000 0
54 2460.000000 -622.000000 559.000000 53 55 1200 1200 1200 0 10000 0
55 1246.000000 -620.000000 559.000000 54 56 1200 1200 1200 0 10000 0
56 1285.000000 173.000000 551.000000 55 57 0 61 1200 0 10000 0
57 1547.000000 170.000000 527.000000 56 58 1200 1200 1200 0 10000 0
58 1517.000000 -135.000000 431.000000 57 59 1200 1200 1200 0 10000 0
59 1097.000000 -106.000000 251.000000 58 60 1200 1200 1200 0 10000 0
60 905.000000 -58.000000 207.000000 59 0 1200 1200 1200 0 10000 0
61 1280.000000 650.000000 559.000000 56 62 1200 1200 1200 0 10000 0
62 710.000000 653.000000 559.000000 61 63 1200 1200 1200 0 10000 0
63 449.000000 645.000000 15.000000 62 12 1200 1200 1200 0 10000 0
64 1210.000000 -511.000000 35.000000 66 67 70 1200 1200 0 10000 0
65 1289.000000 519.000000 15.000000 66 81 1200 1200 1200 0 10000 0
66 1195.000000 71.000000 15.000000 64 65 1200 1200 1200 0 10000 0
67 1094.000000 -593.000000 15.000000 64 68 1200 1200 1200 0 10000 0
68 -64.000000 -508.000000 15.000000 67 69 79 1200 1200 0 10000 0
69 -76.000000 -257.000000 15.000000 68 5 1200 1200 1200 0 10000 0
70 1195.000000 -1095.000000 15.000000 64 71 1200 1200 1200 0 10000 0
71 1271.000000 -1688.000000 15.000000 72 70 1200 1200 1200 0 10000 0
72 771.000000 -1663.000000 15.000000 71 73 1200 1200 1200 0 10000 0
73 762.000000 -870.000000 15.000000 72 74 1200 1200 1200 0 10000 0
74 331.000000 -880.000000 15.000000 73 35 75 79 1200 0 10000 0
75 471.000000 -732.000000 15.000000 74 76 1200 1200 1200 0 10000 0
76 956.000000 -753.000000 79.000000 75 1200 1200 1200 1200 0 10000 0
77 965.000000 -1217.000000 207.000000 78 1200 1200 1200 1200 0 10000 0
78 1569.000000 -1183.000000 367.000000 77 52 1200 1200 1200 0 10000 0
79 -55.000000 -889.000000 25.000000 74 68 1200 1200 1200 0 10000 0
80 454.000000 115.000000 163.000000 0 1 4 1200 1200 0 10000 0
81 939.000000 529.000000 15.000000 65 10 11 1200 1200 0 10000 0
